54
55
56
57
58
59
60
61
62
63
64
65
66
67
68
69
70
71
72
73
74
75
76
77
78
79
80
81
82
83
84
85
86
87
88
89
90
91
92
93
94
95
96
97
98
99
100
101
102
103
104
105
106
107
108
109
110
111
112
113
114
115
116
117
118
119
120
121
122
123
124
125
126
127
128
129
130
131
132
133
134
135
136
137
138
139
140
0
1
2
3
4
5
6
7
8
9
10
11
12
13
14
15
16
17
18
19
20
21
22
23
24
25
26
27
28
29
30
31
32
33
34
35
36
37
38
39
40
41
42
43
44
45
46
47
48
49
50
51
52
53
23
22
121
139
8
7
24
23
120
124
21
20
25
24
120
124
20
19
16
128
17
82
70
83
88
63
62
26
119
27
125
18
126
74
79
75
120
23
121
49
96
50
34
116
115
108
101
44
17
127
18
16
129
128
26
25
119
28
118
29
111
40
39
110
42
41
57
92
91
15
130
16
117
30
118
30
29
118
51
94
52
123
21
124
14
131
15
131
14
132
31
30
117
27
118
28
113
38
37
117
32
31
13
133
132
12
133
13
33
32
116
135
11
10
12
134
133
134
12
135
33
116
34
16
130
129
18
127
126
136
10
9
34
115
35
135
10
136
135
12
11
64
88
87
136
9
137
43
109
108
35
114
36
95
50
96
8
138
137
36
113
37
138
8
139
35
115
114
122
21
123
112
38
113
78
76
75
67
86
85
106
105
103
111
39
112
121
22
122
110
40
111
42
109
43
89
62
61
109
42
110
6
5
139
84
69
68
116
32
117
108
44
43
106
102
107
102
108
107
87
65
64
139
3
140
103
105
104
44
100
45
46
98
47
101
100
44
103
102
106
137
9
8
5
4
139
58
91
90
102
101
108
45
99
46
100
99
45
73
80
74
22
21
122
98
97
47
51
50
95
65
86
66
112
39
38
99
98
46
4
3
139
95
94
51
94
53
52
93
53
94
93
54
53
92
54
93
92
55
54
92
56
55
56
92
57
2
140
3
195
194
193
192
191
190
189
188
187
186
185
184
183
182
181
180
179
178
177
176
175
174
173
172
171
170
169
168
167
166
165
164
163
162
161
160
159
158
157
156
155
154
153
152
151
150
149
148
147
146
145
144
143
142
141
281
280
279
278
277
276
275
274
273
272
271
270
269
268
267
266
265
264
263
262
261
260
259
258
257
256
255
254
253
252
251
250
249
248
247
246
245
244
243
242
241
240
239
238
237
236
235
234
233
232
231
230
229
228
227
226
225
224
223
222
221
220
219
218
217
216
215
214
213
212
211
210
209
208
207
206
205
204
203
202
201
200
199
198
197
196
57
91
58
119
25
120
58
90
59
119
118
27
77
76
78
85
68
67
89
60
90
60
89
61
75
79
78
48
96
49
88
62
89
80
79
74
125
19
18
81
80
73
63
88
64
110
41
40
82
81
71
70
69
83
15
131
130
86
65
87
72
81
73
71
81
72
17
128
127
36
114
113
132
14
13
66
86
67
124
19
125
84
68
85
90
60
59
83
69
84
97
96
48
47
97
48
71
70
82
1
140
2
1
0
140
6
139
7
164
262
163
280
148
149
165
261
164
265
161
162
166
261
165
265
160
161
157
158
269
223
224
211
229
203
204
167
168
260
266
267
159
215
216
220
261
262
164
190
191
237
175
256
257
249
185
242
158
159
268
157
269
270
167
260
166
169
170
259
252
180
181
251
182
183
198
232
233
156
157
271
258
259
171
171
259
170
192
193
235
264
265
162
155
156
272
272
273
155
172
258
171
168
169
259
254
178
179
258
172
173
154
273
274
153
154
274
174
257
173
276
151
152
153
274
275
275
276
153
174
175
257
157
270
271
159
267
268
277
150
151
175
176
256
276
277
151
276
152
153
205
228
229
277
278
150
184
249
250
176
177
255
236
237
191
149
278
279
177
178
254
279
280
149
176
255
256
263
264
162
253
254
179
219
216
217
208
226
227
247
244
246
252
253
180
262
263
163
251
252
181
183
184
250
230
202
203
250
251
183
147
280
146
225
209
210
257
258
173
249
184
185
247
248
243
243
248
249
228
205
206
280
281
144
244
245
246
185
186
241
187
188
239
242
185
241
244
247
243
278
149
150
146
280
145
199
231
232
243
249
242
186
187
240
241
186
240
214
215
221
163
263
162
239
188
238
192
236
191
206
207
227
253
179
180
240
187
239
145
280
144
236
192
235
235
193
194
234
235
194
234
194
195
233
234
195
233
195
196
233
196
197
197
198
233
143
144
281
198
199
232
260
261
166
199
200
231
260
168
259
218
219
217
226
208
209
230
231
201
201
202
230
216
219
220
189
190
237
229
230
203
221
215
220
266
159
160
222
214
221
204
205
229
251
181
182
223
212
222
211
224
210
156
271
272
227
228
206
213
214
222
212
213
222
158
268
269
177
254
255
273
154
155
207
208
227
265
266
160
225
226
209
231
200
201
224
225
210
238
189
237
188
189
238
212
223
211
142
143
281
142
281
141
147
148
280
