88.4 687
153.5 673.3
96.5 698.4

88.4 664.4
88.4 687
153.5 673.3

89 663.8
153.5 673.3
153.4 661.5

89 600
89 603
154 662

153 659
90 601
152 616

151 615
90 601
151 589

90 600
90 475
150 589

90 475
150 559
150 589

90 475
149 557.5
140 512

90 475
148 440
149 511

91 376
147 437
147 240

91 374
92 323
147 240

147 240
93 288
92 322

93 288
93 261
147 240

147 240
94 261
95 239

147 240
95 239
96 240

97 224
147 240
148 219

96 224
97 214
148 219

149 201
148 219
97 214

97 214
100 196
149 201

100 196
102.1 176
149 201

103 176
149 200.4
102.9 156

149 199
152.9 163.9
106 160

156 147
111 139
159 133

112 137
119 117
159 133

120 117
125 105
159 132

159 131
167 107
126 105

126 105
167 107
177 86

126 104
178 86
136 87

178 86
137 87
178 86

138 86
150 69
184 77

185 77
151 69
166 53

185 76
195 66
166 53

167 53
196 66
204 59

167 53
191 35
206 59 

192 35
226 20
206 59

206 59
236 49
226 20

236 49
246 48
226 20

246 48
226 20
262 48

262 48
260 13
228 20

262 49
261 13
298 13

262 49
298 13
325 21

263 49
326 21
345 32

345 32
369 57
263 49

349 36
362 48
368 56

368 57
376 69
270 51

375 69
381 80
276 53

283 56
300 67
380 81

300 67
380 81
384 92

302 69
319 93
384 92

319 93
384 92
386 103

319 93
386 103
386 129

386 129
319 93
378 160

319 95
378 160
361 191

324 107
327 144
361 191

327 144
322 171
361 191









177 520
215 466
194 539

194 539
215 467
213 550

213 550
216 467
240 556

217 468
224 472
224 495

230 501
224 483
224 498

225 500
231 501
228 511

231 502
238 511
230 519


