0.027943 -0.488759 0.204135
0.027943 -0.472198 0.216556
0.027943 -0.277009 0.213303
0.027943 -0.179415 0.213007
0.027943 -0.069991 0.211824
0.027943 -0.003745 0.210937
0.027943 0.074330 0.208867
0.027943 0.136140 0.206797
0.027943 0.196471 0.202360
0.027943 0.242311 0.197037
0.027943 0.278391 0.190235
0.027943 0.320682 0.178110
0.027943 0.359720 0.158591
0.027943 0.396096 0.132566
0.027943 0.430697 0.098260
0.027943 0.455835 0.058039
0.027943 0.473284 0.011904
0.027943 0.480973 -0.031570
0.027943 0.482156 -0.072087
0.027943 0.475354 -0.104322
0.027943 0.464116 -0.129460
0.027943 0.453765 -0.146613
0.027943 0.440161 -0.162287
0.027943 0.423600 -0.176779
0.027943 0.404672 -0.189200
0.027943 0.383379 -0.197776
0.027943 0.357650 -0.204282
0.027943 0.317429 -0.204874
0.027943 0.290221 -0.198368
0.027943 0.269519 -0.190383
0.027943 0.247043 -0.179736
0.027943 0.222201 -0.163470
0.027943 0.194105 -0.138037
0.027943 0.181093 -0.121771
0.027943 0.168080 -0.102252
0.027943 0.156250 -0.081846
0.027943 0.153293 -0.072678
0.027943 0.139689 -0.072382
0.027943 0.136732 -0.094563
0.027943 0.132591 -0.128573
0.027943 0.120762 -0.170864
0.027943 0.103313 -0.202508
0.027943 0.087934 -0.219365
0.027943 0.065162 -0.237405
0.027943 0.041799 -0.251305
0.027943 0.016661 -0.261952
0.027943 -0.004928 -0.268162
0.027943 -0.023560 -0.273190
0.027943 -0.046332 -0.274373
0.027943 -0.072653 -0.274077
0.027943 -0.097199 -0.271120
0.027943 -0.126182 -0.263431
0.027943 -0.152207 -0.252784
0.027943 -0.177640 -0.238884
0.027943 -0.200708 -0.220253
0.027943 -0.220227 -0.200734
0.027943 -0.245365 -0.166724
0.027943 -0.261039 -0.134784
0.027943 -0.272573 -0.102844
0.027943 -0.280262 -0.072974
0.027943 -0.286177 -0.025655
0.027943 -0.284698 0.008946
0.027943 -0.279671 0.033788
0.027943 -0.268433 0.056856
0.027943 -0.258082 0.070460
0.027943 -0.246548 0.081107
0.027943 -0.234127 0.090275
0.027943 -0.159896 0.037042
0.027943 -0.166994 0.024916
0.027943 -0.184147 0.024620
0.027943 -0.199821 0.020184
0.027943 -0.215791 0.011016
0.027943 -0.229099 -0.002588
0.027943 -0.241816 -0.020036
0.027943 -0.248027 -0.038964
0.027943 -0.248618 -0.066763
0.027943 -0.242703 -0.091014
0.027943 -0.230578 -0.114969
0.027943 -0.216087 -0.130052
0.027943 -0.196568 -0.147205
0.027943 -0.170838 -0.161696
0.027943 -0.135941 -0.174708
0.027943 -0.106367 -0.180328
0.027943 -0.077089 -0.183876
0.027943 -0.043078 -0.184172
0.027943 -0.014983 -0.179736
0.027943 0.008676 -0.172934
0.027943 0.035588 -0.160513
0.027943 0.054220 -0.146317
0.027943 0.070781 -0.129756
0.027943 0.083794 -0.110533
0.027943 0.096511 -0.084212
0.027943 0.105087 -0.060257
0.027943 0.108636 -0.034823
0.027943 0.108341 0.060405
0.027943 0.146195 0.060405
0.027943 0.145900 0.034971
0.027943 0.149744 0.010721
0.027943 0.157729 -0.017670
0.027943 0.169263 -0.042808
0.027943 0.189886 -0.072816
0.027943 0.208515 -0.090746
0.027943 0.229229 -0.104059
0.027943 0.249211 -0.111764
0.027943 0.269330 -0.118592
0.027943 0.295385 -0.123634
0.027943 0.329440 -0.121543
0.027943 0.351346 -0.117546
0.027943 0.364503 -0.110801
0.027943 0.383089 -0.102159
0.027943 0.398014 -0.090619
0.027943 0.410997 -0.075526
0.027943 0.422516 -0.058026
0.027943 0.428871 -0.042307
0.027943 0.431857 -0.023302
0.027943 0.432841 -0.001170
0.027943 0.429134 0.016631
0.027943 0.423672 0.039289
0.027943 0.413978 0.057179
0.027943 0.399807 0.074665
0.027943 0.382316 0.088453
0.027943 0.367321 0.097534
0.027943 0.341337 0.108611
0.027943 0.308395 0.118400
0.027943 0.263049 0.126139
0.027943 0.217263 0.132028
0.027943 0.078744 0.134117
0.027943 -0.218209 0.131592
0.027943 -0.451308 0.122652
0.027943 -0.488759 0.204135
0.027943 -0.472198 0.216556
0.027943 -0.277009 0.213303
0.027943 -0.179415 0.213007
0.027943 -0.069991 0.211824
0.027943 -0.003745 0.210937
0.027943 0.074330 0.208867
0.027943 0.136140 0.206797
0.027943 0.196471 0.202360
0.027943 0.242311 0.197037
0.027943 0.278391 0.190235
0.027943 0.320682 0.178110
0.027943 0.359720 0.158591
0.027943 0.396096 0.132566
0.027943 0.430697 0.098260
0.027943 0.455835 0.058039
0.027943 0.473284 0.011904
0.027943 0.480973 -0.031570
0.027943 0.482156 -0.072087
0.027943 0.475354 -0.104322
0.027943 0.464116 -0.129460
0.027943 0.453765 -0.146613
0.027943 0.440161 -0.162287
0.027943 0.423600 -0.176779
0.027943 0.404672 -0.189200
0.027943 0.383379 -0.197776
0.027943 0.357650 -0.204282
0.027943 0.317429 -0.204874
0.027943 0.290221 -0.198368
0.027943 0.269519 -0.190383
0.027943 0.247043 -0.179736
0.027943 0.222201 -0.163470
0.027943 0.194105 -0.138037
0.027943 0.181093 -0.121771
0.027943 0.168080 -0.102252
0.027943 0.156250 -0.081846
0.027943 0.153293 -0.072678
0.027943 0.139689 -0.072382
0.027943 0.136732 -0.094563
0.027943 0.132591 -0.128573
0.027943 0.120762 -0.170864
0.027943 0.103313 -0.202508
0.027943 0.087934 -0.219365
0.027943 0.065162 -0.237405
0.027943 0.041799 -0.251305
0.027943 0.016661 -0.261952
0.027943 -0.004928 -0.268162
0.027943 -0.023560 -0.273190
0.027943 -0.046332 -0.274373
0.027943 -0.072653 -0.274077
0.027943 -0.097199 -0.271120
0.027943 -0.126182 -0.263431
0.027943 -0.152207 -0.252784
0.027943 -0.177640 -0.238884
0.027943 -0.200708 -0.220253
0.027943 -0.220227 -0.200734
0.027943 -0.245365 -0.166724
0.027943 -0.261039 -0.134784
0.027943 -0.272573 -0.102844
0.027943 -0.280262 -0.072974
0.027943 -0.286177 -0.025655
0.027943 -0.284698 0.008946
0.027943 -0.279671 0.033788
0.027943 -0.268433 0.056856
0.027943 -0.258082 0.070460
0.027943 -0.246548 0.081107
0.027943 -0.234127 0.090275
0.027943 -0.159896 0.037042
0.027943 -0.166994 0.024916
0.027943 -0.184147 0.024620
0.027943 -0.199821 0.020184
0.027943 -0.215791 0.011016
0.027943 -0.229099 -0.002588
0.027943 -0.241816 -0.020036
0.027943 -0.248027 -0.038964
0.027943 -0.248618 -0.066763
0.027943 -0.242703 -0.091014
0.027943 -0.230578 -0.114969
0.027943 -0.216087 -0.130052
0.027943 -0.196568 -0.147205
0.027943 -0.170838 -0.161696
0.027943 -0.135941 -0.174708
0.027943 -0.106367 -0.180328
0.027943 -0.077089 -0.183876
0.027943 -0.043078 -0.184172
0.027943 -0.014983 -0.179736
0.027943 0.008676 -0.172934
0.027943 0.035588 -0.160513
0.027943 0.054220 -0.146317
0.027943 0.070781 -0.129756
0.027943 0.083794 -0.110533
0.027943 0.096511 -0.084212
0.027943 0.105087 -0.060257
0.027943 0.108636 -0.034823
0.027943 0.108341 0.060405
0.027943 0.146195 0.060405
0.027943 0.145900 0.034971
0.027943 0.149744 0.010721
0.027943 0.157729 -0.017670
0.027943 0.169263 -0.042808
0.027943 0.189886 -0.072816
0.027943 0.208515 -0.090746
0.027943 0.229229 -0.104059
0.027943 0.249211 -0.111764
0.027943 0.269330 -0.118592
0.027943 0.295385 -0.123634
0.027943 0.329440 -0.121543
0.027943 0.351346 -0.117546
0.027943 0.364503 -0.110801
0.027943 0.383089 -0.102159
0.027943 0.398014 -0.090619
0.027943 0.410997 -0.075526
0.027943 0.422516 -0.058026
0.027943 0.428871 -0.042307
0.027943 0.431857 -0.023302
0.027943 0.432841 -0.001170
0.027943 0.429134 0.016631
0.027943 0.423672 0.039289
0.027943 0.413978 0.057179
0.027943 0.399807 0.074665
0.027943 0.382316 0.088453
0.027943 0.367321 0.097534
0.027943 0.341337 0.108611
0.027943 0.308395 0.118400
0.027943 0.263049 0.126139
0.027943 0.217263 0.132028
0.027943 0.078744 0.134117
0.027943 -0.218209 0.131592
0.027943 -0.451308 0.122652
0.027943 -0.488759 0.204135
0.027943 -0.472198 0.216556
0.027943 -0.277009 0.213303
0.027943 -0.179415 0.213007
0.027943 -0.069991 0.211824
0.027943 -0.003745 0.210937
0.027943 0.074330 0.208867
0.027943 0.136140 0.206797
0.027943 0.196471 0.202360
0.027943 0.242311 0.197037
0.027943 0.278391 0.190235
0.027943 0.320682 0.178110
0.027943 0.359720 0.158591
0.027943 0.396096 0.132566
0.027943 0.430697 0.098260
0.027943 0.455835 0.058039
0.027943 0.473284 0.011904
0.027943 0.480973 -0.031570
0.027943 0.482156 -0.072087
0.027943 0.475354 -0.104322
0.027943 0.464116 -0.129460
0.027943 0.453765 -0.146613
0.027943 0.440161 -0.162287
0.027943 0.423600 -0.176779
0.027943 0.404672 -0.189200
0.027943 0.383379 -0.197776
0.027943 0.357650 -0.204282
0.027943 0.317429 -0.204874
0.027943 0.290221 -0.198368
0.027943 0.269519 -0.190383
0.027943 0.247043 -0.179736
0.027943 0.222201 -0.163470
0.027943 0.194105 -0.138037
0.027943 0.181093 -0.121771
0.027943 0.168080 -0.102252
0.027943 0.156250 -0.081846
0.027943 0.153293 -0.072678
0.027943 0.139689 -0.072382
0.027943 0.136732 -0.094563
0.027943 0.132591 -0.128573
0.027943 0.120762 -0.170864
0.027943 0.103313 -0.202508
0.027943 0.087934 -0.219365
0.027943 0.065162 -0.237405
0.027943 0.041799 -0.251305
0.027943 0.016661 -0.261952
0.027943 -0.004928 -0.268162
0.027943 -0.023560 -0.273190
0.027943 -0.046332 -0.274373
0.027943 -0.072653 -0.274077
0.027943 -0.097199 -0.271120
0.027943 -0.126182 -0.263431
0.027943 -0.152207 -0.252784
0.027943 -0.177640 -0.238884
0.027943 -0.200708 -0.220253
0.027943 -0.220227 -0.200734
0.027943 -0.245365 -0.166724
0.027943 -0.261039 -0.134784
0.027943 -0.272573 -0.102844
0.027943 -0.280262 -0.072974
0.027943 -0.286177 -0.025655
0.027943 -0.284698 0.008946
0.027943 -0.279671 0.033788
0.027943 -0.268433 0.056856
0.027943 -0.258082 0.070460
0.027943 -0.246548 0.081107
0.027943 -0.234127 0.090275
0.027943 -0.159896 0.037042
0.027943 -0.166994 0.024916
0.027943 -0.184147 0.024620
0.027943 -0.199821 0.020184
0.027943 -0.215791 0.011016
0.027943 -0.229099 -0.002588
0.027943 -0.241816 -0.020036
0.027943 -0.248027 -0.038964
0.027943 -0.248618 -0.066763
0.027943 -0.242703 -0.091014
0.027943 -0.230578 -0.114969
0.027943 -0.216087 -0.130052
0.027943 -0.196568 -0.147205
0.027943 -0.170838 -0.161696
0.027943 -0.135941 -0.174708
0.027943 -0.106367 -0.180328
0.027943 -0.077089 -0.183876
0.027943 -0.043078 -0.184172
0.027943 -0.014983 -0.179736
0.027943 0.008676 -0.172934
0.027943 0.035588 -0.160513
0.027943 0.054220 -0.146317
0.027943 0.070781 -0.129756
0.027943 0.083794 -0.110533
0.027943 0.096511 -0.084212
0.027943 0.105087 -0.060257
0.027943 0.108636 -0.034823
0.027943 0.108341 0.060405
0.027943 0.146195 0.060405
0.027943 0.145900 0.034971
0.027943 0.149744 0.010721
0.027943 0.157729 -0.017670
0.027943 0.169263 -0.042808
0.027943 0.189886 -0.072816
0.027943 0.208515 -0.090746
0.027943 0.229229 -0.104059
0.027943 0.249211 -0.111764
0.027943 0.269330 -0.118592
0.027943 0.295385 -0.123634
0.027943 0.329440 -0.121543
0.027943 0.351346 -0.117546
0.027943 0.364503 -0.110801
0.027943 0.383089 -0.102159
0.027943 0.398014 -0.090619
0.027943 0.410997 -0.075526
0.027943 0.422516 -0.058026
0.027943 0.428871 -0.042307
0.027943 0.431857 -0.023302
0.027943 0.432841 -0.001170
0.027943 0.429134 0.016631
0.027943 0.423672 0.039289
0.027943 0.413978 0.057179
0.027943 0.399807 0.074665
0.027943 0.382316 0.088453
0.027943 0.367321 0.097534
0.027943 0.341337 0.108611
0.027943 0.308395 0.118400
0.027943 0.263049 0.126139
0.027943 0.217263 0.132028
0.027943 0.078744 0.134117
0.027943 -0.218209 0.131592
0.027943 -0.451308 0.122652
-0.029529 0.475354 -0.104322
-0.029529 0.422516 -0.058026
-0.029529 0.482156 -0.072087
-0.029529 0.440161 -0.162287
-0.029529 0.423600 -0.176779
-0.029529 0.383089 -0.102159
-0.029529 0.464116 -0.129460
-0.029529 0.410997 -0.075526
-0.029529 0.475354 -0.104322
-0.029529 0.432841 -0.001170
-0.029529 0.473284 0.011904
-0.029529 0.480973 -0.031570
-0.029529 0.428871 -0.042307
-0.029529 0.431857 -0.023302
-0.029529 0.480973 -0.031570
-0.029529 0.455835 0.058039
-0.029529 0.423672 0.039289
-0.029529 0.413978 0.057179
-0.029529 -0.229099 -0.002588
-0.029529 -0.241816 -0.020036
-0.029529 -0.284698 0.008946
-0.029529 0.455835 0.058039
-0.029529 0.429134 0.016631
-0.029529 0.423672 0.039289
-0.029529 0.431857 -0.023302
-0.029529 0.432841 -0.001170
-0.029529 0.480973 -0.031570
-0.029529 0.453765 -0.146613
-0.029529 0.398014 -0.090619
-0.029529 0.464116 -0.129460
-0.029529 0.473284 0.011904
-0.029529 0.432841 -0.001170
-0.029529 0.429134 0.016631
-0.029529 0.398014 -0.090619
-0.029529 0.410997 -0.075526
-0.029529 0.464116 -0.129460
-0.029529 0.430697 0.098260
-0.029529 0.455835 0.058039
-0.029529 0.413978 0.057179
-0.029529 0.383379 -0.197776
-0.029529 0.357650 -0.204282
-0.029529 0.351346 -0.117546
-0.029529 0.422516 -0.058026
-0.029529 0.428871 -0.042307
-0.029529 0.482156 -0.072087
-0.029529 0.430697 0.098260
-0.029529 0.413978 0.057179
-0.029529 0.399807 0.074665
-0.029529 0.087934 -0.219365
-0.029529 0.035588 -0.160513
-0.029529 0.103313 -0.202508
-0.029529 0.404672 -0.189200
-0.029529 0.364503 -0.110801
-0.029529 0.423600 -0.176779
-0.029529 -0.261039 -0.134784
-0.029529 -0.230578 -0.114969
-0.029529 -0.216087 -0.130052
-0.029529 -0.272573 -0.102844
-0.029529 -0.242703 -0.091014
-0.029529 -0.230578 -0.114969
-0.029529 0.008676 -0.172934
-0.029529 0.035588 -0.160513
-0.029529 0.065162 -0.237405
-0.029529 0.396096 0.132566
-0.029529 0.430697 0.098260
-0.029529 0.382316 0.088453
-0.029529 0.364503 -0.110801
-0.029529 0.383089 -0.102159
-0.029529 0.423600 -0.176779
-0.029529 0.382316 0.088453
-0.029529 0.367321 0.097534
-0.029529 0.396096 0.132566
-0.029529 0.169263 -0.042808
-0.029529 0.139689 -0.072382
-0.029529 0.108636 -0.034823
-0.029529 -0.170838 -0.161696
-0.029529 -0.200708 -0.220253
-0.029529 -0.220227 -0.200734
-0.029529 0.169263 -0.042808
-0.029529 0.153293 -0.072678
-0.029529 0.139689 -0.072382
-0.029529 0.359720 0.158591
-0.029529 0.367321 0.097534
-0.029529 0.341337 0.108611
-0.029529 0.364503 -0.110801
-0.029529 0.404672 -0.189200
-0.029529 0.351346 -0.117546
-0.029529 0.341337 0.108611
-0.029529 0.308395 0.118400
-0.029529 0.359720 0.158591
-0.029529 0.317429 -0.204874
-0.029529 0.329440 -0.121543
-0.029529 0.357650 -0.204282
-0.029529 0.222201 -0.163470
-0.029529 0.249211 -0.111764
-0.029529 0.269330 -0.118592
-0.029529 0.430697 0.098260
-0.029529 0.399807 0.074665
-0.029529 0.382316 0.088453
-0.029529 0.295385 -0.123634
-0.029529 0.329440 -0.121543
-0.029529 0.317429 -0.204874
-0.029529 0.308395 0.118400
-0.029529 0.263049 0.126139
-0.029529 0.320682 0.178110
-0.029529 0.295385 -0.123634
-0.029529 0.317429 -0.204874
-0.029529 0.290221 -0.198368
-0.029529 0.404672 -0.189200
-0.029529 0.383379 -0.197776
-0.029529 0.351346 -0.117546
-0.029529 0.290221 -0.198368
-0.029529 0.269519 -0.190383
-0.029529 0.295385 -0.123634
-0.029529 0.208515 -0.090746
-0.029529 0.181093 -0.121771
-0.029529 0.168080 -0.102252
-0.029529 0.242311 0.197037
-0.029529 0.278391 0.190235
-0.029529 0.263049 0.126139
-0.029529 0.269330 -0.118592
-0.029529 0.269519 -0.190383
-0.029529 0.247043 -0.179736
-0.029529 0.247043 -0.179736
-0.029529 0.222201 -0.163470
-0.029529 0.269330 -0.118592
-0.029529 0.242311 0.197037
-0.029529 0.263049 0.126139
-0.029529 0.217263 0.132028
-0.029529 -0.043078 -0.184172
-0.029529 -0.014983 -0.179736
-0.029529 -0.004928 -0.268162
-0.029529 -0.184147 0.024620
-0.029529 -0.234127 0.090275
-0.029529 -0.159896 0.037042
-0.029529 0.196471 0.202360
-0.029529 0.242311 0.197037
-0.029529 0.217263 0.132028
-0.029529 0.222201 -0.163470
-0.029529 0.194105 -0.138037
-0.029529 0.229229 -0.104059
-0.029529 0.157729 -0.017670
-0.029529 0.169263 -0.042808
-0.029529 0.108636 -0.034823
-0.029529 0.078744 0.134117
-0.029529 0.136140 0.206797
-0.029529 0.217263 0.132028
-0.029529 0.194105 -0.138037
-0.029529 0.181093 -0.121771
-0.029529 0.208515 -0.090746
-0.029529 -0.258082 0.070460
-0.029529 -0.215791 0.011016
-0.029529 -0.268433 0.056856
-0.029529 0.455835 0.058039
-0.029529 0.473284 0.011904
-0.029529 0.429134 0.016631
-0.029529 0.189886 -0.072816
-0.029529 0.208515 -0.090746
-0.029529 0.168080 -0.102252
-0.029529 -0.246548 0.081107
-0.029529 -0.234127 0.090275
-0.029529 -0.199821 0.020184
-0.029529 0.136140 0.206797
-0.029529 0.196471 0.202360
-0.029529 0.217263 0.132028
-0.029529 0.156250 -0.081846
-0.029529 0.153293 -0.072678
-0.029529 0.189886 -0.072816
-0.029529 0.153293 -0.072678
-0.029529 0.169263 -0.042808
-0.029529 0.189886 -0.072816
-0.029529 -0.014983 -0.179736
-0.029529 0.008676 -0.172934
-0.029529 0.016661 -0.261952
-0.029529 0.149744 0.010721
-0.029529 0.157729 -0.017670
-0.029529 0.108636 -0.034823
-0.029529 0.108341 0.060405
-0.029529 0.146195 0.060405
-0.029529 0.145900 0.034971
-0.029529 -0.245365 -0.166724
-0.029529 -0.261039 -0.134784
-0.029529 -0.216087 -0.130052
-0.029529 0.136732 -0.094563
-0.029529 0.096511 -0.084212
-0.029529 0.139689 -0.072382
-0.029529 0.132591 -0.128573
-0.029529 0.083794 -0.110533
-0.029529 0.136732 -0.094563
-0.029529 0.074330 0.208867
-0.029529 0.136140 0.206797
-0.029529 0.078744 0.134117
-0.029529 0.120762 -0.170864
-0.029529 0.070781 -0.129756
-0.029529 0.132591 -0.128573
-0.029529 0.145900 0.034971
-0.029529 0.149744 0.010721
-0.029529 0.108341 0.060405
-0.029529 0.453765 -0.146613
-0.029529 0.440161 -0.162287
-0.029529 0.398014 -0.090619
-0.029529 0.105087 -0.060257
-0.029529 0.108636 -0.034823
-0.029529 0.139689 -0.072382
-0.029529 -0.280262 -0.072974
-0.029529 -0.248618 -0.066763
-0.029529 -0.242703 -0.091014
-0.029529 0.410997 -0.075526
-0.029529 0.422516 -0.058026
-0.029529 0.475354 -0.104322
-0.029529 0.222201 -0.163470
-0.029529 0.229229 -0.104059
-0.029529 0.249211 -0.111764
-0.029529 -0.196568 -0.147205
-0.029529 -0.220227 -0.200734
-0.029529 -0.245365 -0.166724
-0.029529 0.065162 -0.237405
-0.029529 0.035588 -0.160513
-0.029529 0.087934 -0.219365
-0.029529 -0.152207 -0.252784
-0.029529 -0.135941 -0.174708
-0.029529 -0.106367 -0.180328
-0.029529 0.168080 -0.102252
-0.029529 0.156250 -0.081846
-0.029529 0.189886 -0.072816
-0.029529 0.329440 -0.121543
-0.029529 0.351346 -0.117546
-0.029529 0.357650 -0.204282
-0.029529 0.041799 -0.251305
-0.029529 0.008676 -0.172934
-0.029529 0.065162 -0.237405
-0.029529 0.482156 -0.072087
-0.029529 0.428871 -0.042307
-0.029529 0.480973 -0.031570
-0.029529 0.016661 -0.261952
-0.029529 0.008676 -0.172934
-0.029529 0.041799 -0.251305
-0.029529 -0.072653 -0.274077
-0.029529 -0.077089 -0.183876
-0.029529 -0.043078 -0.184172
-0.029529 -0.004928 -0.268162
-0.029529 -0.014983 -0.179736
-0.029529 0.016661 -0.261952
-0.029529 0.070781 -0.129756
-0.029529 0.083794 -0.110533
-0.029529 0.132591 -0.128573
-0.029529 -0.003745 0.210937
-0.029529 0.078744 0.134117
-0.029529 -0.069991 0.211824
-0.029529 -0.023560 -0.273190
-0.029529 -0.043078 -0.184172
-0.029529 -0.004928 -0.268162
-0.029529 0.083794 -0.110533
-0.029529 0.096511 -0.084212
-0.029529 0.136732 -0.094563
-0.029529 -0.043078 -0.184172
-0.029529 -0.023560 -0.273190
-0.029529 -0.046332 -0.274373
-0.029529 -0.046332 -0.274373
-0.029529 -0.072653 -0.274077
-0.029529 -0.043078 -0.184172
-0.029529 0.035588 -0.160513
-0.029529 0.054220 -0.146317
-0.029529 0.103313 -0.202508
-0.029529 -0.179415 0.213007
-0.029529 -0.069991 0.211824
-0.029529 -0.218209 0.131592
-0.029529 -0.077089 -0.183876
-0.029529 -0.072653 -0.274077
-0.029529 -0.097199 -0.271120
-0.029529 -0.106367 -0.180328
-0.029529 -0.077089 -0.183876
-0.029529 -0.097199 -0.271120
-0.029529 -0.106367 -0.180328
-0.029529 -0.097199 -0.271120
-0.029529 -0.126182 -0.263431
-0.029529 -0.126182 -0.263431
-0.029529 -0.152207 -0.252784
-0.029529 -0.106367 -0.180328
-0.029529 0.149744 0.010721
-0.029529 0.108636 -0.034823
-0.029529 0.108341 0.060405
-0.029529 -0.152207 -0.252784
-0.029529 -0.177640 -0.238884
-0.029529 -0.135941 -0.174708
-0.029529 0.263049 0.126139
-0.029529 0.278391 0.190235
-0.029529 0.320682 0.178110
-0.029529 -0.166994 0.024916
-0.029529 -0.184147 0.024620
-0.029529 -0.159896 0.037042
-0.029529 -0.177640 -0.238884
-0.029529 -0.170838 -0.161696
-0.029529 -0.135941 -0.174708
-0.029529 -0.177640 -0.238884
-0.029529 -0.200708 -0.220253
-0.029529 -0.170838 -0.161696
-0.029529 0.367321 0.097534
-0.029529 0.359720 0.158591
-0.029529 0.396096 0.132566
-0.029529 -0.277009 0.213303
-0.029529 -0.179415 0.213007
-0.029529 -0.218209 0.131592
-0.029529 -0.234127 0.090275
-0.029529 -0.184147 0.024620
-0.029529 -0.199821 0.020184
-0.029529 -0.196568 -0.147205
-0.029529 -0.170838 -0.161696
-0.029529 -0.220227 -0.200734
-0.029529 -0.215791 0.011016
-0.029529 -0.246548 0.081107
-0.029529 -0.199821 0.020184
-0.029529 0.096511 -0.084212
-0.029529 0.105087 -0.060257
-0.029529 0.139689 -0.072382
-0.029529 0.308395 0.118400
-0.029529 0.320682 0.178110
-0.029529 0.359720 0.158591
-0.029529 -0.216087 -0.130052
-0.029529 -0.196568 -0.147205
-0.029529 -0.245365 -0.166724
-0.029529 -0.277009 0.213303
-0.029529 -0.218209 0.131592
-0.029529 -0.451308 0.122652
-0.029529 0.078744 0.134117
-0.029529 -0.218209 0.131592
-0.029529 -0.069991 0.211824
-0.029529 0.398014 -0.090619
-0.029529 0.440161 -0.162287
-0.029529 0.383089 -0.102159
-0.029529 0.054220 -0.146317
-0.029529 0.070781 -0.129756
-0.029529 0.120762 -0.170864
-0.029529 -0.248027 -0.038964
-0.029529 -0.248618 -0.066763
-0.029529 -0.280262 -0.072974
-0.029529 -0.241816 -0.020036
-0.029529 -0.248027 -0.038964
-0.029529 -0.286177 -0.025655
-0.029529 0.194105 -0.138037
-0.029529 0.208515 -0.090746
-0.029529 0.229229 -0.104059
-0.029529 -0.261039 -0.134784
-0.029529 -0.272573 -0.102844
-0.029529 -0.230578 -0.114969
-0.029529 -0.246548 0.081107
-0.029529 -0.215791 0.011016
-0.029529 -0.258082 0.070460
-0.029529 0.269519 -0.190383
-0.029529 0.269330 -0.118592
-0.029529 0.295385 -0.123634
-0.029529 -0.272573 -0.102844
-0.029529 -0.280262 -0.072974
-0.029529 -0.242703 -0.091014
-0.029529 0.103313 -0.202508
-0.029529 0.054220 -0.146317
-0.029529 0.120762 -0.170864
-0.029529 -0.215791 0.011016
-0.029529 -0.229099 -0.002588
-0.029529 -0.279671 0.033788
-0.029529 -0.268433 0.056856
-0.029529 -0.215791 0.011016
-0.029529 -0.279671 0.033788
-0.029529 -0.286177 -0.025655
-0.029529 -0.248027 -0.038964
-0.029529 -0.280262 -0.072974
-0.029529 -0.472198 0.216556
-0.029529 -0.277009 0.213303
-0.029529 -0.451308 0.122652
-0.029529 -0.279671 0.033788
-0.029529 -0.229099 -0.002588
-0.029529 -0.284698 0.008946
-0.029529 -0.284698 0.008946
-0.029529 -0.241816 -0.020036
-0.029529 -0.286177 -0.025655
-0.029529 -0.472198 0.216556
-0.029529 -0.451308 0.122652
-0.029529 -0.488759 0.204135
-0.029529 -0.003745 0.210937
-0.029529 0.074330 0.208867
-0.029529 0.078744 0.134117