-0.705333
-0.7175
0
-0.488333
-0.68325
0
-0.678333
-0.746
0
-0.705333
-0.661
0
-0.705333
-0.7175
0
-0.488333
-0.68325
0
-0.703333
-0.6595
0
-0.488333
-0.68325
0
-0.488667
-0.65375
0
-0.703333
-0.5
0
-0.703333
-0.5075
0
-0.486667
-0.655
0
-0.49
-0.6475
0
-0.7
-0.5025
0
-0.493333
-0.54
0
-0.496667
-0.5375
0
-0.7
-0.5025
0
-0.496667
-0.4725
0
-0.7
-0.5
0
-0.7
-0.1875
0
-0.5
-0.4725
0
-0.7
-0.1875
0
-0.5
-0.3975
0
-0.5
-0.4725
0
-0.7
-0.1875
0
-0.503333
-0.39375
0
-0.533333
-0.28
0
-0.7
-0.1875
0
-0.506667
-0.1
0
-0.503333
-0.2775
0
-0.696667
0.06
0
-0.51
-0.0925
0
-0.51
0.4
0
-0.696667
0.065
0
-0.693333
0.1925
0
-0.51
0.4
0
-0.51
0.4
0
-0.69
0.28
0
-0.693333
0.195
0
-0.69
0.28
0
-0.69
0.3475
0
-0.51
0.4
0
-0.51
0.4
0
-0.686667
0.3475
0
-0.683333
0.4025
0
-0.51
0.4
0
-0.683333
0.4025
0
-0.68
0.4
0
-0.676667
0.44
0
-0.51
0.4
0
-0.506667
0.4525
0
-0.68
0.44
0
-0.676667
0.465
0
-0.506667
0.4525
0
-0.503333
0.4975
0
-0.506667
0.4525
0
-0.676667
0.465
0
-0.676667
0.465
0
-0.666667
0.51
0
-0.503333
0.4975
0
-0.666667
0.51
0
-0.659667
0.56
0
-0.503333
0.4975
0
-0.656667
0.56
0
-0.503333
0.499
0
-0.657
0.61
0
-0.503333
0.5025
0
-0.490333
0.59025
0
-0.646667
0.6
0
-0.48
0.6325
0
-0.63
0.6525
0
-0.47
0.6675
0
-0.626667
0.6575
0
-0.603333
0.7075
0
-0.47
0.6675
0
-0.6
0.7075
0
-0.583333
0.7375
0
-0.47
0.67
0
-0.47
0.6725
0
-0.443333
0.7325
0
-0.58
0.7375
0
-0.58
0.7375
0
-0.443333
0.7325
0
-0.41
0.785
0
-0.58
0.74
0
-0.406667
0.785
0
-0.546667
0.7825
0
-0.406667
0.785
0
-0.543333
0.7825
0
-0.406667
0.785
0
-0.54
0.785
0
-0.5
0.8275
0
-0.386667
0.8075
0
-0.383333
0.8075
0
-0.496667
0.8275
0
-0.446667
0.8675
0
-0.383333
0.81
0
-0.35
0.835
0
-0.446667
0.8675
0
-0.443333
0.8675
0
-0.346667
0.835
0
-0.32
0.8525
0
-0.443333
0.8675
0
-0.363333
0.9125
0
-0.313333
0.8525
0
-0.36
0.9125
0
-0.246667
0.95
0
-0.313333
0.8525
0
-0.313333
0.8525
0
-0.213333
0.8775
0
-0.246667
0.95
0
-0.213333
0.8775
0
-0.18
0.88
0
-0.246667
0.95
0
-0.18
0.88
0
-0.246667
0.95
0
-0.126667
0.88
0
-0.126667
0.88
0
-0.133333
0.9675
0
-0.24
0.95
0
-0.126667
0.8775
0
-0.13
0.9675
0
-0.00666667
0.9675
0
-0.126667
0.8775
0
-0.00666667
0.9675
0
0.0833333
0.9475
0
-0.123333
0.8775
0
0.0866667
0.9475
0
0.15
0.92
0
0.15
0.92
0
0.23
0.8575
0
-0.123333
0.8775
0
0.163333
0.91
0
0.206667
0.88
0
0.226667
0.86
0
0.226667
0.8575
0
0.253333
0.8275
0
-0.1
0.8725
0
0.25
0.8275
0
0.27
0.8
0
-0.08
0.8675
0
-0.0566667
0.86
0
0
0.8325
0
0.266667
0.7975
0
0
0.8325
0
0.266667
0.7975
0
0.28
0.77
0
0.00666667
0.8275
0
0.0633333
0.7675
0
0.28
0.77
0
0.0633333
0.7675
0
0.28
0.77
0
0.286667
0.7425
0
0.0633333
0.7675
0
0.286667
0.7425
0
0.286667
0.6775
0
0.286667
0.6775
0
0.0633333
0.7675
0
0.26
0.6
0
0.0633333
0.7625
0
0.26
0.6
0
0.203333
0.5225
0
0.08
0.7325
0
0.09
0.64
0
0.203333
0.5225
0
0.09
0.64
0
0.0733333
0.5725
0
0.203333
0.5225
0
-0.41
-0.3
0
-0.283333
-0.165
0
-0.353333
-0.3475
0
-0.353333
-0.3475
0
-0.283333
-0.1675
0
-0.29
-0.375
0
-0.29
-0.375
0
-0.28
-0.1675
0
-0.2
-0.39
0
-0.276667
-0.17
0
-0.253333
-0.18
0
-0.253333
-0.2375
0
-0.233333
-0.2525
0
-0.253333
-0.2075
0
-0.253333
-0.245
0
-0.25
-0.25
0
-0.23
-0.2525
0
-0.24
-0.2775
0
-0.23
-0.255
0
-0.206667
-0.2775
0
-0.233333
-0.2975
0

